          0.0000         -1.8413         34.6544       1030.1187
          2.6667         -1.8413         34.6544       1030.1187
          5.3333         -1.8413         34.6544       1030.1187
          8.0000         -1.8413         34.6544       1030.1187
         10.6667         -1.8413         34.6544       1030.1187
         13.3333         -1.8413         34.6544       1030.1187
         16.0000         -1.8413         34.6544       1030.1187
         18.6667         -1.8413         34.6544       1030.1187
         21.3333         -1.8413         34.6544       1030.1187
         24.0000         -1.8413         34.6544       1030.1187
         26.6667         -1.8413         34.6544       1030.1187
         29.3333         -1.8413         34.6544       1030.1187
         32.0000         -1.8413         34.6544       1030.1187
         34.6667         -1.8413         34.6544       1030.1187
         37.3333         -1.8413         34.6544       1030.1187
         40.0000         -1.8413         34.6544       1030.1187
         42.6667         -1.8413         34.6544       1030.1187
         45.3333         -1.8413         34.6544       1030.1187
         48.0000         -1.8413         34.6544       1030.1187
         50.6667         -1.8413         34.6544       1030.1187
         53.3333         -1.8413         34.6544       1030.1187
         56.0000         -1.8413         34.6544       1030.1187
         58.6667         -1.8413         34.6544       1030.1187
         61.3333         -1.8413         34.6544       1030.1187
         64.0000         -1.8413         34.6544       1030.1187
         66.6667         -1.8413         34.6544       1030.1187
         69.3333         -1.8413         34.6544       1030.1187
         72.0000         -1.8413         34.6544       1030.1187
         74.6667         -1.8413         34.6544       1030.1187
         77.3333         -1.8413         34.6544       1030.1187
         80.0000         -1.8413         34.6544       1030.1187
         82.6667         -1.8413         34.6544       1030.1187
         85.3333         -1.8413         34.6544       1030.1187
         88.0000         -1.8413         34.6544       1030.1187
         90.6667         -1.8413         34.6544       1030.1187
         93.3333         -1.8413         34.6544       1030.1187
         96.0000         -1.8413         34.6544       1030.1187
         98.6667         -1.8413         34.6544       1030.1187
        101.3333         -1.8413         34.6544       1030.1187
        104.0000         -1.8413         34.6544       1030.1187
        106.6667         -1.8413         34.6544       1030.1187
        109.3333         -1.8413         34.6544       1030.1187
        112.0000         -1.8413         34.6544       1030.1187
        114.6667         -1.7713         34.6579       1030.1187
        117.3333         -1.7013         34.6613       1030.1187
        120.0000         -1.6313         34.6648       1030.1187
        122.6667         -1.5613         34.6682       1030.1187
        125.3333         -1.4913         34.6717       1030.1187
        128.0000         -1.4213         34.6751       1030.1187
        130.6667         -1.3513         34.6785       1030.1187
        133.3333         -1.2813         34.6820       1030.1187
        136.0000         -1.2113         34.6854       1030.1187
        138.6667         -1.1413         34.6889       1030.1187
        141.3333         -1.0713         34.6923       1030.1187
        144.0000         -1.0013         34.6958       1030.1187
        146.6667         -0.9313         34.6992       1030.1187
        149.3333         -0.8613         34.7027       1030.1187
        152.0000         -0.7913         34.7061       1030.1187
        154.6667         -0.7753         34.7069       1030.1187
        157.3333         -0.7593         34.7077       1030.1187
        160.0000         -0.7433         34.7085       1030.1187
        162.6667         -0.7273         34.7093       1030.1187
        165.3333         -0.7113         34.7101       1030.1187
        168.0000         -0.6953         34.7108       1030.1187
        170.6667         -0.6793         34.7116       1030.1187
        173.3333         -0.6633         34.7124       1030.1187
        176.0000         -0.6473         34.7132       1030.1187
        178.6667         -0.6313         34.7140       1030.1187
        181.3333         -0.6153         34.7148       1030.1187
        184.0000         -0.5993         34.7156       1030.1187
        186.6667         -0.5833         34.7164       1030.1187
        189.3333         -0.5673         34.7171       1030.1187
        192.0000         -0.5513         34.7179       1030.1187
        194.6667         -0.5353         34.7187       1030.1187
        197.3333         -0.5193         34.7195       1030.1187
        200.0000         -0.5033         34.7203       1030.1187
        202.6667         -0.4973         34.7206       1030.1187
        205.3333         -0.4914         34.7209       1030.1187
        208.0000         -0.4855         34.7212       1030.1187
        210.6667         -0.4796         34.7215       1030.1187
        213.3333         -0.4736         34.7218       1030.1187
        216.0000         -0.4677         34.7220       1030.1187
        218.6667         -0.4618         34.7223       1030.1187
        221.3333         -0.4559         34.7226       1030.1187
        224.0000         -0.4499         34.7229       1030.1187
        226.6667         -0.4440         34.7232       1030.1187
        229.3333         -0.4381         34.7235       1030.1187
        232.0000         -0.4321         34.7238       1030.1187
        234.6667         -0.4262         34.7241       1030.1187
        237.3333         -0.4203         34.7244       1030.1187
        240.0000         -0.4144         34.7247       1030.1187
        242.6667         -0.4084         34.7250       1030.1187
        245.3333         -0.4025         34.7253       1030.1187
        248.0000         -0.3966         34.7255       1030.1187
        250.6667         -0.3907         34.7258       1030.1187
        253.3333         -0.3847         34.7261       1030.1187
        256.0000         -0.3788         34.7264       1030.1187
        258.6667         -0.3729         34.7267       1030.1187
        261.3333         -0.3670         34.7270       1030.1187
        264.0000         -0.3610         34.7273       1030.1187
        266.6667         -0.3551         34.7276       1030.1187
        269.3333         -0.3492         34.7279       1030.1187
        272.0000         -0.3433         34.7282       1030.1187
        274.6667         -0.3373         34.7285       1030.1187
        277.3333         -0.3314         34.7288       1030.1187
        280.0000         -0.3255         34.7291       1030.1187
        282.6667         -0.3196         34.7293       1030.1187
        285.3333         -0.3136         34.7296       1030.1187
        288.0000         -0.3077         34.7299       1030.1187
        290.6667         -0.3018         34.7302       1030.1187
        293.3333         -0.2959         34.7305       1030.1187
        296.0000         -0.2899         34.7308       1030.1187
        298.6667         -0.2840         34.7311       1030.1187
        301.3333         -0.2781         34.7314       1030.1187
        304.0000         -0.2721         34.7317       1030.1187
        306.6667         -0.2662         34.7320       1030.1187
        309.3333         -0.2603         34.7323       1030.1187
        312.0000         -0.2544         34.7326       1030.1187
        314.6667         -0.2484         34.7328       1030.1187
        317.3333         -0.2425         34.7331       1030.1187
        320.0000         -0.2366         34.7334       1030.1187
        322.6667         -0.2307         34.7337       1030.1187
        325.3333         -0.2247         34.7340       1030.1187
        328.0000         -0.2188         34.7343       1030.1187
        330.6667         -0.2129         34.7346       1030.1187
        333.3333         -0.2070         34.7349       1030.1187
        336.0000         -0.2010         34.7352       1030.1187
        338.6667         -0.1951         34.7355       1030.1187
        341.3333         -0.1892         34.7358       1030.1187
        344.0000         -0.1833         34.7361       1030.1187
        346.6667         -0.1773         34.7363       1030.1187
        349.3333         -0.1714         34.7366       1030.1187
        352.0000         -0.1655         34.7369       1030.1187
        354.6667         -0.1596         34.7372       1030.1187
        357.3333         -0.1536         34.7375       1030.1187
        360.0000         -0.1477         34.7378       1030.1187
        362.6667         -0.1418         34.7381       1030.1187
        365.3333         -0.1359         34.7384       1030.1187
        368.0000         -0.1299         34.7387       1030.1187
        370.6667         -0.1240         34.7390       1030.1187
        373.3333         -0.1181         34.7393       1030.1187
        376.0000         -0.1121         34.7396       1030.1187
        378.6667         -0.1062         34.7398       1030.1187
        381.3333         -0.1003         34.7401       1030.1187
        384.0000         -0.0944         34.7404       1030.1187
        386.6667         -0.0884         34.7407       1030.1187
        389.3333         -0.0825         34.7410       1030.1187
        392.0000         -0.0766         34.7413       1030.1187
        394.6667         -0.0707         34.7416       1030.1187
        397.3333         -0.0647         34.7419       1030.1187
        400.0000         -0.0588         34.7422       1030.1187
        402.6667         -0.0529         34.7425       1030.1187
        405.3333         -0.0470         34.7428       1030.1187
        408.0000         -0.0410         34.7431       1030.1187
        410.6667         -0.0351         34.7433       1030.1187
        413.3333         -0.0292         34.7436       1030.1187
        416.0000         -0.0233         34.7439       1030.1187
        418.6667         -0.0173         34.7442       1030.1187
        421.3333         -0.0114         34.7445       1030.1187
        424.0000         -0.0055         34.7448       1030.1187
        426.6667          0.0004         34.7451       1030.1187
        429.3333          0.0016         34.7452       1030.1187
        432.0000          0.0028         34.7452       1030.1187
        434.6667          0.0040         34.7453       1030.1187
        437.3333          0.0052         34.7453       1030.1187
        440.0000          0.0064         34.7454       1030.1187
        442.6667          0.0076         34.7454       1030.1187
        445.3333          0.0087         34.7455       1030.1187
        448.0000          0.0099         34.7456       1030.1187
        450.6667          0.0111         34.7456       1030.1187
        453.3333          0.0123         34.7457       1030.1187
        456.0000          0.0135         34.7457       1030.1187
        458.6667          0.0147         34.7458       1030.1187
        461.3333          0.0159         34.7459       1030.1187
        464.0000          0.0170         34.7459       1030.1187
        466.6667          0.0182         34.7460       1030.1187
        469.3333          0.0194         34.7460       1030.1187
        472.0000          0.0206         34.7461       1030.1187
        474.6667          0.0218         34.7461       1030.1187
        477.3333          0.0230         34.7462       1030.1187
        480.0000          0.0241         34.7463       1030.1187
        482.6667          0.0253         34.7463       1030.1187
        485.3333          0.0265         34.7464       1030.1187
        488.0000          0.0277         34.7464       1030.1187
        490.6667          0.0289         34.7465       1030.1187
        493.3333          0.0301         34.7466       1030.1187
        496.0000          0.0313         34.7466       1030.1187
        498.6667          0.0324         34.7467       1030.1187
        501.3333          0.0336         34.7467       1030.1187
        504.0000          0.0348         34.7468       1030.1187
        506.6667          0.0360         34.7468       1030.1187
        509.3333          0.0372         34.7469       1030.1187
        512.0000          0.0384         34.7470       1030.1187
        514.6667          0.0396         34.7470       1030.1187
        517.3333          0.0407         34.7471       1030.1187
        520.0000          0.0419         34.7471       1030.1187
        522.6667          0.0431         34.7472       1030.1187
        525.3333          0.0443         34.7473       1030.1187
        528.0000          0.0455         34.7473       1030.1187
        530.6667          0.0467         34.7474       1030.1187
        533.3333          0.0479         34.7474       1030.1187
        536.0000          0.0490         34.7475       1030.1187
        538.6667          0.0502         34.7475       1030.1187
        541.3333          0.0514         34.7476       1030.1187
        544.0000          0.0526         34.7477       1030.1187
        546.6667          0.0538         34.7477       1030.1187
        549.3333          0.0550         34.7478       1030.1187
        552.0000          0.0561         34.7478       1030.1187
        554.6667          0.0573         34.7479       1030.1187
        557.3333          0.0585         34.7480       1030.1187
        560.0000          0.0597         34.7480       1030.1187
        562.6667          0.0609         34.7481       1030.1187
        565.3333          0.0621         34.7481       1030.1187
        568.0000          0.0633         34.7482       1030.1187
        570.6667          0.0644         34.7482       1030.1187
        573.3333          0.0656         34.7483       1030.1187
        576.0000          0.0668         34.7484       1030.1187
        578.6667          0.0680         34.7484       1030.1187
        581.3333          0.0692         34.7485       1030.1187
        584.0000          0.0704         34.7485       1030.1187
        586.6667          0.0716         34.7486       1030.1187
        589.3333          0.0727         34.7487       1030.1187
        592.0000          0.0739         34.7487       1030.1187
        594.6667          0.0751         34.7488       1030.1187
        597.3333          0.0763         34.7488       1030.1187
        600.0000          0.0775         34.7489       1030.1187
        602.6667          0.0787         34.7489       1030.1187
        605.3333          0.0799         34.7490       1030.1187
        608.0000          0.0810         34.7491       1030.1187
        610.6667          0.0822         34.7491       1030.1187
        613.3333          0.0834         34.7492       1030.1187
        616.0000          0.0846         34.7492       1030.1187
        618.6667          0.0858         34.7493       1030.1187
        621.3333          0.0870         34.7494       1030.1187
        624.0000          0.0881         34.7494       1030.1187
        626.6667          0.0893         34.7495       1030.1187
        629.3333          0.0905         34.7495       1030.1187
        632.0000          0.0917         34.7496       1030.1187
        634.6667          0.0929         34.7496       1030.1187
        637.3333          0.0941         34.7497       1030.1187
        640.0000          0.0953         34.7498       1030.1187
        642.6667          0.0964         34.7498       1030.1187
        645.3333          0.0976         34.7499       1030.1187
        648.0000          0.0988         34.7499       1030.1187
        650.6667          0.1000         34.7500       1030.1187
        653.3333          0.1000         34.7500       1030.1187
        656.0000          0.1000         34.7500       1030.1187
        658.6667          0.1000         34.7500       1030.1187
        661.3333          0.1000         34.7500       1030.1187
        664.0000          0.1000         34.7500       1030.1187
        666.6667          0.1000         34.7500       1030.1187
        669.3333          0.1000         34.7500       1030.1187
        672.0000          0.1000         34.7500       1030.1187
        674.6667          0.1000         34.7500       1030.1187
        677.3333          0.1000         34.7500       1030.1187
        680.0000          0.1000         34.7500       1030.1187
        682.6667          0.1000         34.7500       1030.1187
        685.3333          0.1000         34.7500       1030.1187
        688.0000          0.1000         34.7500       1030.1187
        690.6667          0.1000         34.7500       1030.1187
        693.3333          0.1000         34.7500       1030.1187
        696.0000          0.1000         34.7500       1030.1187
        698.6667          0.1000         34.7500       1030.1187
        701.3333          0.1000         34.7500       1030.1187
        704.0000          0.1000         34.7500       1030.1187
        706.6667          0.1000         34.7500       1030.1187
        709.3333          0.1000         34.7500       1030.1187
        712.0000          0.1000         34.7500       1030.1187
        714.6667          0.1000         34.7500       1030.1187
        717.3333          0.1000         34.7500       1030.1187
        720.0000          0.1000         34.7500       1030.1187
        722.6667          0.1000         34.7500       1030.1187
        725.3333          0.1000         34.7500       1030.1187
        728.0000          0.1000         34.7500       1030.1187
        730.6667          0.1000         34.7500       1030.1187
        733.3333          0.1000         34.7500       1030.1187
        736.0000          0.1000         34.7500       1030.1187
        738.6667          0.1000         34.7500       1030.1187
        741.3333          0.1000         34.7500       1030.1187
        744.0000          0.1000         34.7500       1030.1187
        746.6667          0.1000         34.7500       1030.1187
        749.3333          0.1000         34.7500       1030.1187
        752.0000          0.1000         34.7500       1030.1187
        754.6667          0.1000         34.7500       1030.1187
        757.3333          0.1000         34.7500       1030.1187
        760.0000          0.1000         34.7500       1030.1187
        762.6667          0.1000         34.7500       1030.1187
        765.3333          0.1000         34.7500       1030.1187
        768.0000          0.1000         34.7500       1030.1187
        770.6667          0.1000         34.7500       1030.1187
        773.3333          0.1000         34.7500       1030.1187
        776.0000          0.1000         34.7500       1030.1187
        778.6667          0.1000         34.7500       1030.1187
        781.3333          0.1000         34.7500       1030.1187
        784.0000          0.1000         34.7500       1030.1187
        786.6667          0.1000         34.7500       1030.1187
        789.3333          0.1000         34.7500       1030.1187
        792.0000          0.1000         34.7500       1030.1187
        794.6667          0.1000         34.7500       1030.1187
        797.3333          0.1000         34.7500       1030.1187
        800.0000          0.1000         34.7500       1030.1187
